8901
8967
9126
9228
9236
9289
9594
9627
9709
9730
8771
8772
8773
9779
9780
9781
9782
9783
9779
9780
9781
9779
9780
9781
9779
9780
9781
9779
9780
9781
9782
9779
9780
9781
9782
9783
9785
9786
9787
9788
9789
9790
9815
9816
9817
9816
9817
9818
9816
9817
9818
9816
9817
9818
9819
9820
9821
9822
9823
9824
9825
9826
9827
9828
9829
9830
9835
9870
9884
9920
10147
10210
10255
10288
10293
10384
10418
10482
10519
10557
10574
10581
10600
11060
11181
11234
11243
11301
11500
11551
11709
12121
12234
12313
12406
12466
12506
12523
12683
12719
12762
12906
12928
12974
12997
13046
13266
13347
13373
13475
13476
13490
13502
13510
13538
13594
13627
13727
13806
13863
13877
13921
14013
14096
14103
14300
14418
14455
14483
14833
14910
14947
14996
15014
15015
15167
15312
15357
15358
15465
15508
15613
16213
16230
16274
16389
16443
16450
16506
16521
16528
16535
16559
16570
16579
16600
16641
16643
16773
16802
17033
17096
17108
17115
17116
17238
17330
17358
17460
17496
17592
17623
17627
17764
17816
17905
17968
17978
18017
18093
18232
18261
18350
18505
18536
18607
18615
18670
18678
18735
18766
18886
19079
19130
19143
19177
19202
19243
19319
19367
19452
19471
19489
19496
19523
19664
19677
19876
19916
19919
19948
19976
20035
20128
20227
20229
20267
20557
20718
20735
20891
20895
21046
21154
21238
21363
21476
21493
21500
21585
21597
21622
21626
21647
21657
21678
21686
21759
21938
22149
22160
22453
22734
22759
22773
22781
22807
22939
23006
23082
23268
23305
23534
23537
23683
23791
23812
23859
23923
23941
24010
24106
24182
24228
24323
24362
24400
24465
24485
24498
24502
24593
24822
24887
24904
24951
25074
25130
25375
25439
25574
25611
25681
25747
25748
25876
25962
26028
26121
26204
26252
26273
26310
26416
26454
26573
26587
26597
26784
26879
27170
27277
27368
27380
27400
27401
27459
27669
27707
27814
27996
28109
28275
28447
28678
28804
28819
28832
28888
28953
29089
29167
29168
29188
29195
29281
29539
29588
29743
30033
30351
30465
30540
30640
30660
30819
30975
31054
31250
31509
31535
31570
31610
31617
31878
32074
32075
32328
32393
32434
32551
32872
33110
33134
33153
33559
33629
33680
33733
33746
33786
33844
33848
33891
34074
34187
34259
34272
34395
34454
34732
34761
34964
35196
35197
35222
35360
35404
35510
35555
35565
35566
35641
35731
35741
35821
35918
35960
36034
36175
36236
36276
36352
36378
36388
36447
36531
36968
36998
37186
37224
37350
37489
37501
37516
37853
37871
37928
37975
38019
38154
38222
38579
38730
38748
38800
38804
38829
38877
38886
38906
38918
39049
39111
39119
39128
39304
39376
39443
39511
39621
39652
39675
39745
39869
39925
39963
39989
40278
40356
40373
40440
40446
40485
40535
40660
40741
40750
40807
40824
40832
40869
40910
40993
41012
41190
41401
41461
41593
41683
41764
41867
41922
42004
42086
42184
42235
42340
42466
42474
42641
42854
42862
42863
42879
42887
42888
42893
42895
42897
42899
42901
42902
42905
42906
42909
42910
42912
42914
42916
42918
42922
43018
43070
43083
43119
43120
43156
43160
43161
43165
43168
43169
43172
43173
43175
43177
43213
43286
43342
43365
43367
43371
43377
43381
43384
43391
43395
43398
43402
43403
43406
43408
43411
43413
43416
43417
43421
43423
43508
43538
43555
43572
43599
43670
43801
43834
43855
43881
44220
44243
44276
44525
44537
44820
44883
44920
44940
45151
45157
45164
45209
45327
45550
45614
45727
45734
45812
45851
45885
45958
45990
46189
46250
46375
46376
46399
46433
46460
46483
46506
46508
46537
46562
46577
46628
46704
46925
47036
47048
47153
47192
47291
47419
47557
47637
47639
47653
47709
47798
47974
47978
47985
48221
48246
48370
48372
48398
48779
48787
48837
48893
48917
48951
48990
49049
49084
49090
49163
49272
49273
49274
49275
49276
49277
49278
49279
49280
49281
49282
49283
49284
49285
49286
49287
49288
49415
49434
49467
49518
49576
49578
49677
49844
49890
49911
49930
49944
50065
50091
50217
50252
50573
50647
50659
50686
50884
50904
50983
51285
51287
51405
51497
51570
51605
51608
51713
51766
51776
51875
51898
51925
51961
52105
52259
52267
52311
52529
52755
52790
52827
52865
52965
52982
53059
53155
53178
53186
53232
53276
53302
53372
53473
53486
53521
53737
53752
53998
54032
54038
54081
54191
54202
54228
54248
54288
54369
54450
54469
54511
54615
54886
55086
55185
55186
55287
55316
55383
55399
55447
55458
55516
55690
55752
55766
55833
55885
55935
55985
55986
56011
56018
56026
56040
56049
56053
56070
56087
56093
56095
56097
56099
56111
56137
56173
56207
56210
56212
56217
56229
56236
56238
56240
56241
56242
56243
56244
56246
56249
56253
56254
56256
56257
56258
56260
56261
56264
56266
56270
56271
56273
56275
56277
56278
56286
56287
56288
56289
56292
56293
56295
56296
56297
56298
56299
56300
56301
56304
56308
56309
56312
56314
56316
56317
56318
56319
56323
56324
56325
56328
56330
56331
56332
56336
56337
56340
56341
56344
56349
56350
56355
56357
56360
56364
56366
56368
56371
56375
56377
56378
56379
56386
56387
56388
56389
56392
56395
56396
56398
56407
56409
56417
56422
56425
56427
56428
56430
56432
56435
56437
56439
56441
56443
56444
56445
56447
56448
56454
56459
56463
56464
56465
56470
56475
56477
56479
56480
56482
56488
56490
56492
56494
56495
56497
56498
56501
56502
56503
56504
56505
56509
56515
56522
56526
56528
56529
56533
56541
56544
56551
56554
56559
56562
56565
56575
56581
56594
56599
56603
56609
56614
56616
56619
56620
56633
56646
56661
56664
56676
56678
56681
56694
56697
56700
56709
56712
56713
56716
56720
56721
56723
56724
56730
56731
56733
56734
56736
56740
56742
56743
56744
56751
56753
56756
56760
56765
56766
56769
56773
56774
56775
56777
56781
56782
56786
56787
56792
56797
56799
56807
56809
56810
56815
56817
56818
56820
56821
56824
56825
56826
56829
56831
56836
56837
56848
56850
56856
56858
56859
56863
56870
56871
56874
56876
56877
56881
56882
56883
56884
56885
56886
56887
56888
56889
56890
56892
56893
56895
56901
56904
56907
56908
56909
56910
56911
56914
56924
56926
56927
56928
56930
56934
56936
56937
56943
56944
56947
56953
56954
56955
57013
57033
57046
57080
57153
57199
57215
57224
57232
57235
57246
57249
57252
57265
57268
57274
57278
57279
57280
57282
57283
57284
57286
57287
57289
57290
57291
57303
57306
57308
57310
57311
57316
57318
57319
57320
57322
57330
57333
57334
57337
57339
57343
57349
57354
57356
57358
57361
57372
57375
57376
57378
57379
57382
57382
57385
57386
57387
57388
57389
57392
57393
57397
57405
57411
57412
57413
57415
57420
57421
57422
57424
57425
57428
57429
57432
57434
57435
57436
57439
57440
57443
57444
57453
57456
57457
57458
57460
57463
57464
57468
57470
57471
57473
57476
57477
57478
57479
57485
57486
57491
57492
57495
57496
57497
57498
57502
57505
57507
57510
57511
57512
57514
57517
57520
57523
57525
57527
57528
57534
57537
57542
57549
57553
57554
57557
57559
57560
57564
57566
57569
57570
57572
57573
57574
57577
57578
57579
57581
57582
57586
57592
57597
57599
57602
57604
57605
57610
57611
57613
57614
57615
57617
57622
57623
57626
57627
57630
57636
57647
57668
57671
57676
57686
57697
57715
57725
57732
57736
57759
57763
57765
57769
57777
57782
57840
57847
57848
57849
57851
57854
57855
57859
57860
57861
57864
57866
57867
57874
57875
57878
57879
57884
57890
57891
57893
57894
57896
57897
57901
57902
57903
57908
57909
57914
57916
57922
57925
57926
57927
57935
57941
57945
57947
57949
57950
57955
57958
57962
57963
57964
57968
57972
57974
57975
57978
57979
57982
57986
57987
57988
57989
57990
57992
57993
57996
57998
57999
58001
58002
58003
58006
58008
58009
58010
58011
58012
58013
58018
58019
58021
58022
58031
58033
58036
58043
58076
58080
58085
58136
58144
58207
58221
58226
58230
58231
58233
58241
58242
58244
58245
58246
58249
58250
58252
58254
58255
58259
58265
58267
58270
58271
58280
58282
58287
58288
58290
58292
58294
58295
58299
58300
58303
58305
58308
58309
58317
58319
58323
58329
58333
58340
58341
58342
58344
58345
58347
58348
58350
58358
58360
58361
58363
58365
58367
58369
58372
58374
58376
58377
58378
58382
58383
58386
58390
58392
58400
58401
58406
58407
58409
58410
58412
58414
58417
58418
58421
58428
58431
58433
58435
58441
58444
58446
58452
58463
58468
58471
58476
58479
58480
58488
58489
58493
58495
58496
58526
58529
58538
58545
58547
58566
58569
58571
58572
58577
58580
58592
58595
58612
58616
58620
58633
58636
58637
58643
58650
58653
58666
58690
58691
58694
58698
58699
58703
58707
58708
58715
58717
58718
58721
58724
58730
58732
58734
58738
58742
58745
58748
58750
58754
58755
58756
58757
58764
58765
58774
58775
58778
58779
58782
58791
58792
58794
58798
58804
58805
58806
58808
58810
58811
58812
58815
58817
58818
58819
58822
58826
58827
58830
58835
58836
58840
58844
58845
58852
58856
58857
58858
58861
58864
58867
58868
58872
58876
58877
58884
58885
58887
58894
58896
58897
58902
58906
58908
58910
58911
58913
58917
58920
58921
58923
58925
58926
58930
58932
58933
58934
58939
58941
58942
58943
58944
58945
58948
58949
58950
58951
58955
58956
58960
58961
58962
58966
58969
58973
58974
58975
58976
58977
58979
58982
58983
58986
58987
58988
58989
58992
58993
58994
59001
59002
59003
59004
59008
59009
59010
59012
59015
59017
59019
59020
59021
59022
59024
59025
59026
59028
59031
59032
59033
59040
59041
59044
59048
59050
59052
59053
59054
59059
59062
59063
59064
59067
59071
59073
59076
59077
59079
59082
59083
59085
59086
59087
59089
59092
59093
59094
59096
59101
59103
59104
59106
59107
59108
59111
59114
59115
59116
59123
59127
59130
59131
59133
59134
59138
59139
59143
59145
59146
59147
59149
59150
59152
59156
59160
59164
59165
59166
59167
59168
59169
59170
59172
59180
59181
59182
59183
59184
59185
59190
59191
59193
59196
59199
59203
59204
59205
59207
59210
59211
59212
59213
59217
59218
59219
59222
59223
59224
59227
59233
59234
59235
59237
59239
59246
59247
59248
59252
59253
59254
59256
59260
59270
59271
59275
59277
59279
59280
59281
59282
59283
59296
59303
59308
59309
59311
59312
59314
59315
59316
59318
59319
59325
59328
59330
59332
59333
59335
59339
59342
59346
59347
59348
59354
59358
59362
59364
59370
59371
59376
59383
59384
59386
59394
59401
59424
59426
59441
59449
59450
59454
59455
59469
59472
59476
59480
59481
59486
59503
59511
59519
59523
59533
59537
59545
59554
59557
59572
59574
59581
59586
59601
59620
59623
59636
59638
59642
59651
59665
59679
59687
59691
59698
59700
59706
59707
59712
59713
59717
59720
59721
59723
59724
59727
59728
59732
59737
59738
59741
59744
59747
59750
59753
59754
59761
59763
59766
59767
59774
59775
59777
59778
59779
59783
59784
59786
59788
59789
59790
59792
59795
59796
59799
59802
59803
59805
59806
59808
59809
59810
59811
59813
59814
59817
59825
59830
59831
59839
59845
59846
59866
59873
59877
59885
59886
59898
59916
59926
59927
59937
59952
59957
59958
59973
60001
60016
60019
60025
60026
60028
60030
60032
60037
60038
60039
60040
60042
60043
60045
60047
60048
60054
60056
60062
60063
60068
60070
60075
60076
60080
60081
60082
60083
60087
60089
60092
60093
60097
60098
60102
60103
60104
60106
60113
60118
60119
60127
60130
60137
60138
60141
60143
60147
60150
60157
60158
60159
60160
60164
60165
60179
60183
60184
60185
60187
60188
60189
60190
60192
60193
60196
60197
60200
60204
60205
60206
60208
60209
60213
60220
60223
60224
60226
60230
60231
60232
60233
60235
60237
60239
60240
60241
60244
60246
60247
60248
60251
60252
60255
60256
60257
60259
60264
60268
60272
60274
60275
60277
60279
60280
60282
60284
60287
60288
60289
60290
60291
60292
60293
60295
60296
60297
60298
60299
60301
60302
60304
60305
60306
60309
60311
60314
60317
60318
60320
60321
60322
60325
60326
60329
60330
60331
60332
60334
60335
60343
60344
60346
60348
60349
60350
60351
60352
60356
60358
60363
60369
60373
60375
60383
60387
60392
60393
60394
60395
60396
60399
60406
60410
60411
60412
60414
60415
60419
60420
60425
60428
60430
60431
60432
60437
60438
60440
60443
60444
60450
60451
60453
60455
60456
60459
60460
60461
60463
60464
60465
60471
60486
60498
60504
60506
60509
60520
60522
60525
60526
60527
60528
60537
60538
60539
60545
60549
60559
60568
60570
60572
60573
60574
60578
60583
60590
60594
60607
60615
60618
60628
60638
60639
60646
60650
60663
60664
60688
60689
60690
60706
60724
60734
60740
60755
60770
60779
60783
60791
60800
60802
60807
60812
60830
60834
60843
60844
60845
60847
60848
60849
60852
60854
60856
60857
60859
60860
60869
60870
60873
60875
60876
60878
60879
60880
60885
60886
60888
60890
60891
60892
60894
60895
60903
60909
60918
60921
60922
60931
60932
60936
60937
60938
60939
60940
60941
60942
60944
60946
60949
60951
60952
60953
60954
60957
60962
60963
60965
60967
60970
60971
60972
60975
60978
60980
60981
60984
60985
60987
60990
60991
60992
60993
60994
60996
60997
60998
61002
61004
61006
61007
61012
61013
61015
61019
61026
61035
61040
61042
61043
61044
61046
61049
61050
61051
61058
61061
61063
61064
61066
61071
61073
61074
61076
61077
61079
61082
61083
61084
61086
61094
61095
61096
61097
61100
61109
61117
61119
61120
61122
61124
61125
61126
61129
61132
61136
61137
61138
61143
61144
61145
61147
61148
61160
61163
61164
61172
61173
61176
61178
61179
61181
61185
61187
61188
61189
61193
61194
61195
61196
61198
61201
61202
61203
61204
61207
61209
61218
61244
61247
61252
61259
61262
61265
61266
61267
61287
61291
61301
61310
61317
61323
61327
61339
61342
61343
61368
61374
61382
61392
61407
61411
61412
61413
61414
61417
61421
61423
61426
61428
61433
61435
61455
61456
61460
61466
61469
61479
61482
61483
61512
61513
61518
61519
61532
61539
61542
61543
61548
61564
61580
61586
61587
61588
61598
61600
61602
61603
61608
61618
61631
61634
61637
61638
61640
61643
61657
61664
61665
61680
61683
61684
61687
61690
61691
61692
61694
61695
61696
61697
61698
61701
61702
61704
61705
61706
61707
61710
61711
61712
61714
61715
61726
61728
61729
61730
61731
61733
61738
61758
61759
61774
61778
61779
61792
61793
61794
61797
61799
61800
61801
61809
61818
61820
61822
61824
61832
61838
61839
61840
61848
61852
61859
61865
61874
61912
61929
61934
61935
61939
61942
61944
61948
61951
61956
61959
61961
61965
61969
61970
61972
61976
61977
61978
61979
61981
61984
61985
61986
61987
61991
61992
61993
61994
61995
61998
62003
62005
62007
62011
62016
62017
62022
62026
62031
62032
62033
62034
62039
62041
62042
62043
62044
62045
62046
62048
62050
62054
62059
62062
62063
62067
62069
62070
62071
62074
62077
62078
62079
62080
62081
62082
62086
62087
62090
62093
62102
62104
62105
62106
62110
62111
62117
62120
62121
62123
62124
62127
62130
62131
62138
62146
62148
62151
62152
62155
62158
62160
62163
62164
62169
62171
62172
62179
62180
62181
62182
62186
62190
62194
62196
62197
62198
62203
62204
62206
62208
62209
62210
62212
62213
62216
62217
62221
62227
62228
62229
62232
62233
62234
62238
62242
62246
62248
62250
62251
62254
62255
62256
62257
62261
62262
62263
62265
62266
62274
62275
62281
62284
62285
62286
62288
62292
62293
62294
62298
62299
62300
62304
62312
62315
62316
62318
62320
62322
62324
62325
62328
62329
62330
62335
62337
62338
62340
62341
62342
62349
62350
62352
62353
62354
62357
62360
62366
62367
62370
62373
62375
62377
62380
62382
62385
62387
62388
62390
62391
62392
62395
62399
62402
62404
62405
62406
62409
62410
62417
62419
62420
62427
62431
62432
62433
62435
62436
62440
62441
62445
62448
62452
62458
62460
62466
62467
62469
62473
62475
62476
62477
62480
62483
62487
62488
62490
62491
62497
62498
62499
62501
62503
62505
62509
62510
62511
62514
62515
62516
62517
62522
62523
62525
62526
62528
62531
62541
62543
62544
62546
62550
62551
62552
62556
62557
62563
62598
62605
62614
62622
62623
62624
62626
62627
62628
62630
62636
62638
62639
62641
62645
62647
62648
62649
62650
62654
62659
62662
62666
62667
62671
62674
62678
62679
62680
62684
62685
62686
62687
62688
62689
62691
62693
62701
62706
62707
62712
62713
62714
62716
62723
62726
62734
62735
62736
62737
62739
62740
62744
62746
62748
62749
62750
62751
62752
62754
62755
62763
62764
62769
62770
62772
62774
62778
62780
62785
62790
62791
62792
62794
62795
62796
62800
62803
62805
62808
62813
62815
62820
62821
62823
62825
62827
62828
62830
62831
62832
62833
62834
62836
62837
62841
62842
62845
62846
62847
62848
62852
62853
62854
62855
62856
62859
62861
62862
62863
62866
62870
62871
62872
62873
62874
62875
62876
62884
62885
62887
62888
62889
62891
62892
62899
62901
62903
62906
62910
62919
62921
62928
62935
62937
62939
62945
62948
62949
62954
62958
62964
62965
62966
62969
62971
62977
62979
62980
62982
62983
62986
62989
62990
62991
62993
62994
62995
63000
63003
63004
63008
63018
63019
63020
63021
63024
63025
63027
63030
63033
63034
63038
63040
63047
63048
63049
63051
63056
63058
63059
63061
63063
63066
63071
63072
63076
63077
63079
63080
63081
63082
63085
63086
63087
63090
63092
63098
63101
63105
63106
63107
63109
63112
63116
63118
63119
63120
63122
63125
63128
63132
63136
63138
63142
63144
63145
63146
63147
63152
63155
63156
63157
63159
63160
63166
63167
63168
63169
63171
63172
63173
63176
63178
63180
63183
63187
63194
63200
63202
63203
63205
63207
63210
63211
63213
63216
63218
63219
63223
63226
63228
63229
63238
63240
63263
63272
63273
63276
63281
63285
63304
63318
63322
63325
63329
63331
63343
63346
63348
63349
63356
63371
63390
63393
63400
63407
63415
63439
63441
63444
63445
63446
63450
63460
63461
63463
63468
63480
63486
63500
63501
63530
63531
63532
63534
63547
63551
63554
63556
63565
63566
63567
63571
63571
63572
63573
63711
63731
63772
63788
